40
 -9.0141802e-01  3.8187199e-01  2.0400818e-01
  8.2097854e-01  7.7010293e-03 -5.7090712e-01
  1.7889112e-01  9.2134720e-01  3.4513374e-01
 -7.1390635e-01  6.0517243e-01 -3.5228405e-01
 -1.5456031e-01 -9.5085958e-01  2.6828561e-01
  1.0267618e-01 -9.5185602e-01 -2.8883858e-01
  4.2051302e-02  7.1793780e-01 -6.9483596e-01
  5.4246643e-01  1.2297009e-01 -8.3102860e-01
  8.3941232e-01 -2.5939581e-01  4.7759897e-01
 -7.2448120e-01 -1.4048787e-01  6.7482601e-01
  5.1451354e-01  8.1548960e-01 -2.6505195e-01
 -4.3337217e-01  5.0578261e-01 -7.4590382e-01
 -9.0001983e-02  5.1352218e-01 -8.5334320e-01
 -5.4216903e-01 -3.0118931e-01  7.8443467e-01
 -5.3681768e-01 -6.5613710e-01 -5.3038748e-01
  6.2017859e-01  5.7427777e-01  5.3440018e-01
  9.8040496e-01  1.9528568e-01 -2.5876924e-02
 -7.9947674e-01  9.6742807e-02  5.9285561e-01
  5.2356902e-01  7.6114828e-01 -3.8279077e-01
  8.9539441e-01 -4.4494210e-01  1.7186854e-02
 -6.7212815e-01  4.1345717e-01  6.1424500e-01
 -7.1242041e-01  4.9176267e-01  5.0062624e-01
  3.9454818e-01  5.6646028e-01  7.2350155e-01
  7.0337156e-01 -7.0278513e-01  1.0659037e-01
  5.7856189e-01 -5.6182573e-01  5.9128504e-01
  3.6428120e-01  2.4041901e-01  8.9972102e-01
 -4.3187406e-01  7.5613523e-01  4.9167500e-01
 -1.6764831e-01 -4.5217081e-01 -8.7603402e-01
  3.7437381e-01  6.9015629e-01 -6.1929682e-01
 -4.9322335e-01  7.1678384e-01  4.9290126e-01
 -4.1276269e-01  4.6776674e-01 -7.8155054e-01
 -1.6417994e-01  2.5283699e-01  9.5347701e-01
  7.2178760e-01 -4.2449411e-01  5.4665108e-01
  7.1533460e-02  1.3250252e-01  9.8859802e-01
  3.2424112e-01  8.7253054e-01 -3.6545610e-01
  8.6391480e-01 -1.8621394e-01  4.6794828e-01
 -7.5262193e-01  1.8800968e-01  6.3104088e-01
 -9.3502200e-02 -9.8114054e-01 -1.6917620e-01
  8.5006420e-01  5.1575703e-01 -1.0670304e-01
  2.1356317e-01  9.6497620e-01  1.5235390e-01
 -7.6860210e-01 -3.6504408e-01  5.2535097e-01
 -4.3314357e-01  8.6936748e-01  2.3787985e-01
  8.9556345e-01 -2.4646365e-01 -3.7043458e-01
 -6.7237600e-01 -4.2903837e-01  6.0318869e-01
  6.1925278e-01  5.8255628e-01  5.2645434e-01
 -1.4387114e-01  8.4893912e-01 -5.0853070e-01
  6.0953162e-01  7.9262084e-01  1.4946890e-02
 -1.3647128e-01 -6.9497777e-01 -7.0596140e-01
  2.1720384e-02 -6.7159207e-01 -7.4060267e-01
  5.4658775e-01 -7.7330602e-01  3.2130923e-01
  2.7675536e-01  4.4145221e-01 -8.5353759e-01
 -7.1925232e-01  3.5555626e-01 -5.9687172e-01
  2.2727428e-01 -6.7546417e-01  7.0149451e-01
  2.6561340e-01  9.4485048e-01  1.9159095e-01
 -5.1610029e-01 -7.7966790e-01  3.5462439e-01
 -9.1821133e-02  3.5614319e-01  9.2990908e-01
 -3.1076379e-01 -7.2818055e-01  6.1088375e-01
 -3.1224331e-01  8.0646485e-01  5.0211409e-01
  7.5089192e-01 -2.8265949e-01  5.9687934e-01
  6.2095230e-02  8.8972524e-01 -4.5225345e-01
 -3.1146006e-01 -9.3414603e-01 -1.7425216e-01
  5.6856585e-01  6.8657365e-01 -4.5315504e-01
 -7.7319697e-01  2.7737026e-01 -5.7029132e-01
 -5.4842495e-01 -7.1670088e-01 -4.3077828e-01
  7.9962522e-01  4.7369463e-01  3.6907033e-01
 -9.8862779e-01 -7.4768947e-02 -1.3047872e-01
  5.1316153e-03  9.9281803e-01  1.1952414e-01
 -5.6747196e-01  5.6544596e-01 -5.9853692e-01
 -8.2469229e-01 -5.2111944e-01  2.1981165e-01
  8.1609406e-01 -2.4710038e-02  5.7739059e-01
  4.6635773e-01  1.1460503e-01 -8.7714090e-01
 -2.0539762e-02  2.0773941e-01  9.7796854e-01
 -3.1242145e-01  9.1831963e-01  2.4306766e-01
  8.5973002e-02  3.0405619e-01  9.4876682e-01
 -4.7042733e-01 -5.2488796e-01  7.0935940e-01
 -8.3434765e-02 -3.7978848e-01 -9.2130307e-01
 -9.6940681e-01 -2.1990651e-01 -1.0904842e-01
  8.3447872e-01  4.2265189e-01 -3.5356846e-01
  4.1294621e-01  5.9436025e-01 -6.9008066e-01
 -2.6872066e-01 -6.0688178e-01  7.4798643e-01
 -4.7996054e-01  8.2594342e-01 -2.9572852e-01
  5.3523188e-01 -8.2058855e-01 -2.0040278e-01
  5.3900865e-01 -1.8268352e-01  8.2225082e-01
  1.0358270e-02 -9.7899026e-01 -2.0364375e-01
  9.8420346e-01  1.6979443e-01 -5.0133751e-02
 -2.2807835e-02 -6.1494268e-01  7.8824191e-01
 -4.8066361e-01  7.9266750e-01  3.7502098e-01
  3.0041469e-01 -8.9853240e-01  3.1998522e-01
  4.1667603e-01  7.2418676e-01  5.4948578e-01
 -5.1408655e-01 -5.9573752e-01  6.1709953e-01
  5.7894120e-01  7.2957893e-01 -3.6406274e-01
  8.2924125e-02 -1.7590125e-01 -9.8090894e-01
  2.4326495e-01  5.0441235e-01  8.2848678e-01
  2.5473604e-01  5.3588079e-01 -8.0494803e-01
  3.9671808e-01  5.5830515e-01  7.2863580e-01
 -3.6865093e-01  1.6057031e-01  9.1559471e-01
  4.9819040e-01 -4.6783040e-01  7.3002811e-01
 -9.3756640e-01  2.8280846e-03  3.4779484e-01
 -9.0431172e-01 -4.1182852e-01  1.1232799e-01
  8.4840341e-01  5.2033266e-01 -9.7291221e-02
 -8.8267958e-01  3.2434383e-01 -3.4011445e-01
 -1.5948247e-01 -5.4347260e-01 -8.2413766e-01
  9.3541365e-01 -1.0740302e-01 -3.3684700e-01
 -4.5114284e-01  5.5872775e-01  6.9591194e-01
  4.0998190e-01  3.6290798e-01 -8.3678709e-01
 -4.4107569e-02  6.9239549e-01 -7.2016874e-01
  9.0458785e-01 -2.6835846e-02 -4.2544172e-01
  3.9433707e-01 -6.4350576e-01  6.5604772e-01
  4.2297995e-04 -9.9397741e-01  1.0958433e-01
  8.5205517e-02 -9.2934190e-01 -3.5925430e-01
  8.1928909e-01 -1.2605425e-01  5.5935295e-01
  4.8811112e-01 -4.3813566e-01  7.5484083e-01
 -6.2660906e-01 -7.6635534e-01  1.4163537e-01
  8.1975748e-01 -5.6021925e-01  1.1896242e-01
  3.3765644e-01 -8.4166814e-01  4.2140582e-01
 -7.4050318e-01 -5.8217596e-01 -3.3574722e-01
  3.0194376e-01 -3.7760726e-01  8.7535291e-01
  3.5557736e-01  5.3688823e-01 -7.6505932e-01
 -3.5986864e-01  7.2404233e-01  5.8843629e-01
 -9.3958909e-01 -3.8237122e-02 -3.4016212e-01
 -4.9906631e-01  3.9589061e-01 -7.7084593e-01
 -1.9079824e-01  9.7662240e-01  9.9018806e-02
  7.2878425e-01 -6.1479968e-01  3.0148776e-01
 -3.3531438e-01  9.1454088e-01  2.2622829e-01
  4.0212150e-01 -7.6454563e-01  5.0375419e-01
  3.0111440e-01  6.7382583e-01 -6.7475097e-01
  4.9689969e-01 -6.7449921e-01  5.4602336e-01
 -2.3971696e-01  8.0485588e-01  5.4290219e-01
  6.9143905e-01  1.3715416e-01  7.0929598e-01
 -6.8654478e-01  7.2205586e-01  8.5390848e-02
 -7.3735787e-01  6.4861945e-01  1.8866950e-01
  5.4638711e-01 -6.9068017e-01 -4.7373203e-01
  8.8384821e-01 -4.6769646e-01 -8.5068290e-03
 -7.8276745e-03  1.8428345e-01  9.8284197e-01
 -6.0158735e-01 -3.2237066e-01 -7.3086922e-01
 -4.3910273e-01  8.3216746e-01 -3.3865338e-01
 -2.4105061e-01  3.8814957e-02 -9.6973605e-01
 -3.4011874e-02 -7.8331007e-01  6.2070003e-01
 -4.2491764e-01 -7.8245478e-01  4.5520273e-01
  7.3499197e-01  3.1199549e-01  6.0203457e-01
  7.9926491e-01 -5.6683413e-01 -1.9968643e-01
 -1.3978660e-01 -7.5664835e-01  6.3870414e-01
 -8.6520884e-01  3.2200720e-01  3.8435013e-01
  2.6097730e-01  4.9179002e-01  8.3068251e-01
 -8.2840570e-01  4.8333762e-01  2.8307021e-01
  9.4654118e-01  4.2556046e-03  3.2255492e-01
 -2.2068312e-01 -6.6438698e-02 -9.7308009e-01
 -6.3114807e-01 -2.6984594e-01  7.2721062e-01
  7.1724106e-01  3.1073765e-01 -6.2370455e-01
 -6.6800703e-01  5.7640969e-01 -4.7065749e-01
 -7.6995414e-01 -2.4026828e-02 -6.3764672e-01
  6.7584068e-01 -7.3275590e-01  7.9423954e-02
 -9.3389737e-03 -9.9926163e-01  3.7269082e-02
 -2.4657835e-02 -9.1542440e-01  4.0173394e-01
  4.7463544e-01 -6.7140885e-01  5.6914968e-01
  7.0628641e-02  8.6944618e-01 -4.8895289e-01
 -2.9132861e-01  4.7520694e-01  8.3024455e-01
  9.1493158e-01 -2.0976351e-01 -3.4481802e-01
  4.7301103e-01  5.9818050e-01 -6.4686989e-01
  6.6864798e-01  5.0886237e-01 -5.4218906e-01
  5.8195194e-01 -3.7630113e-01 -7.2092260e-01
  7.4091705e-01  6.5474702e-01  1.4949334e-01
 -3.3910989e-02 -9.5811508e-01  2.8436866e-01
 -1.3710014e-01 -8.5396814e-01 -5.0193821e-01
  7.0753939e-01  6.8324924e-01  1.8043970e-01
  9.5608336e-01 -9.0946990e-02 -2.7862743e-01
  2.3355522e-01  8.6751726e-01  4.3916486e-01
  1.5209731e-03  9.4438028e-01 -3.2885190e-01
 -9.9530152e-01  8.6267802e-02 -4.3963004e-02
 -2.2120389e-01  8.0374154e-01 -5.5232996e-01
 -2.0654321e-01 -9.6669094e-01 -1.5115728e-01
 -8.6639193e-01 -4.3592253e-01  2.4359098e-01
 -1.3964606e-01 -5.5880545e-01 -8.1745669e-01
  5.7427402e-01  4.2172600e-01 -7.0168122e-01
 -2.7862452e-01  6.5654557e-01 -7.0093957e-01
  5.1206006e-01 -2.4772156e-01 -8.2245275e-01
  7.3089668e-01 -5.8232157e-01  3.5593767e-01
 -8.0920988e-01 -5.7792713e-01  1.0573364e-01
 -7.9083865e-01  1.6664969e-02  6.1179777e-01
  4.4866640e-01 -8.7104152e-01 -1.9996281e-01
  3.9723044e-01 -9.0572404e-01  1.4789167e-01
  5.6187759e-01  6.8974153e-01 -4.5667298e-01
 -7.7328547e-01 -5.9721009e-01  2.1300161e-01
  1.4207062e-01 -5.4519513e-01  8.2618292e-01
 -8.7942757e-03 -9.8959255e-01  1.4362884e-01
  2.4079423e-01  1.4879684e-02  9.7046212e-01
  9.2777407e-02  2.4979941e-01 -9.6384263e-01
 -7.4694839e-01  6.6025350e-01 -7.8316064e-02
 -9.2684550e-01  3.7536221e-01  7.7861715e-03
  7.0449165e-01 -5.6588955e-01  4.2832293e-01
  8.3721312e-01 -3.9212872e-01  3.8119451e-01
 -1.3630707e-01 -1.0216109e-01  9.8538495e-01
 -1.1678851e-01 -8.7895026e-01 -4.6239256e-01
  7.8357777e-01 -6.1282876e-01  1.0220956e-01
 -3.0479046e-01  3.5987883e-01 -8.8181064e-01
  2.4895335e-01  8.3128506e-01 -4.9697824e-01
 -9.7908717e-01 -1.8856354e-01  7.6368267e-02
  8.9693407e-01 -4.4147944e-01 -2.4600250e-02
  2.2915940e-01  8.9132710e-01 -3.9118024e-01
  6.9142260e-01 -7.8452062e-02 -7.1817829e-01
 -8.2079733e-01  4.7597214e-01 -3.1581999e-01
 -8.5991909e-02  7.2994270e-01  6.7807747e-01
 -1.1657384e-01 -9.5856361e-01  2.5993527e-01
 -8.4168086e-01 -1.8320236e-01 -5.0794706e-01
 -7.0695686e-01  7.0595001e-01 -4.2971921e-02
 -1.2227317e-01  1.1139211e-01  9.8622567e-01
  1.8263624e-01  8.7251153e-01  4.5317506e-01
  1.8943877e-01 -2.7819619e-01 -9.4165802e-01
  8.9510485e-01  4.3321600e-01  1.0540969e-01
 -6.2404339e-01  7.3048066e-01  2.7743082e-01
  7.4888527e-01  6.1626441e-01 -2.4369864e-01
  7.4642580e-01 -4.5046860e-01 -4.8982300e-01
  9.6118540e-01  2.5006668e-01  1.1657307e-01
  1.1894682e-01  8.5224043e-01  5.0944862e-01
 -3.5070656e-01  4.7489539e-01 -8.0714266e-01
  7.6372744e-01 -6.2390839e-01 -1.6570671e-01
 -9.9490737e-01  1.0059537e-01 -6.3171596e-03
  1.7586544e-01  6.7461822e-01  7.1691115e-01
 -4.0764454e-01  8.9304174e-01  1.9053183e-01
  7.7434642e-01 -5.6792258e-01  2.7901892e-01
  4.6850755e-01  2.0580975e-02 -8.8321973e-01
  4.6001104e-01  8.8741237e-01 -2.9818223e-02
  7.4549686e-02 -6.6609525e-01 -7.4213171e-01
  4.2303570e-01  8.3766780e-01  3.4547570e-01
 -8.4456344e-01 -3.8976599e-02  5.3403503e-01
 -1.7854451e-01  6.3227480e-01 -7.5389020e-01
  6.2923150e-01 -6.4322019e-01  4.3627458e-01
  4.1444176e-01 -8.3290276e-01  3.6675743e-01
  3.6071571e-01 -2.6698397e-03 -9.3267199e-01
 -3.5986740e-01  3.6193962e-01  8.5993905e-01
 -9.9674658e-01 -5.0737614e-02  6.2625406e-02
 -7.5940015e-03 -8.0496768e-01 -5.9327007e-01
 -8.0069039e-01  5.8238810e-01  1.4042435e-01
  8.4152174e-01 -3.8535237e-01  3.7860891e-01
 -7.9265167e-01  3.8716848e-01 -4.7096061e-01
  9.5661074e-01  2.5988649e-01 -1.3173798e-01
  4.5359543e-01  6.9103481e-01  5.6278066e-01
 -3.4262443e-01  4.0707252e-01  8.4669975e-01
  9.1122562e-01  3.5321063e-01 -2.1192011e-01
  5.3997602e-01 -8.1242986e-01 -2.1996278e-01
  7.2670234e-01 -6.0130541e-01  3.3216790e-01
  3.8797193e-01  1.5049942e-01  9.0930067e-01
  1.6085322e-01  5.2277439e-01  8.3715780e-01
  8.2299151e-01  5.0340327e-01 -2.6319216e-01
 -8.8931601e-01 -4.3964806e-01  1.2580392e-01
 -7.3757690e-01  3.0828580e-01  6.0078298e-01
  5.1276579e-01  3.2006915e-01  7.9663479e-01
  8.5138015e-02 -5.2217238e-01  8.4857971e-01
 -9.9281010e-02 -9.7976003e-01 -1.7382051e-01
  4.9239281e-01  6.3666514e-01 -5.9347016e-01
 -5.9736195e-01 -5.3219764e-01 -5.9993698e-01
  3.1294221e-02 -1.0013896e-01 -9.9448120e-01
  1.0864864e-01 -2.3002277e-01  9.6710134e-01
 -3.6700308e-01  3.9764613e-01  8.4094369e-01
  3.0659345e-01 -7.7526464e-01  5.5223654e-01
  7.5033072e-01  3.0079175e-01  5.8866641e-01
  8.3728739e-01  5.3691621e-01  1.0329958e-01
  3.1010196e-01 -8.5149726e-01  4.2283472e-01
 -4.6357317e-01 -1.4096035e-01 -8.7477431e-01
  3.8032036e-01 -2.9453147e-01 -8.7670270e-01
  3.7755589e-01  9.0121328e-01  2.1275848e-01
  4.2705485e-01 -7.4913801e-01 -5.0637575e-01
  7.9079324e-02  3.2837123e-02 -9.9632735e-01
 -6.8474281e-01 -4.9768910e-01  5.3238411e-01
  9.1921315e-01  3.6442419e-01 -1.4913819e-01
  2.0991585e-02  2.0215985e-01  9.7912754e-01
  9.6705062e-02  5.0191274e-01 -8.5949504e-01
 -3.8357416e-02  6.5920495e-01 -7.5098439e-01
 -2.8390338e-01 -2.0432596e-01  9.3682964e-01
 -2.2266280e-01 -6.1743971e-01  7.5444647e-01
  7.5434219e-01 -4.0166410e-01 -5.1926275e-01
 -5.5880570e-01 -8.2868713e-01  3.1840802e-02
 -3.5972507e-01 -4.0108359e-01 -8.4245464e-01
 -7.8503927e-01  5.5692293e-01  2.7120140e-01
 -6.0975148e-01  7.5775158e-01  2.3241271e-01
 -8.9463591e-01  2.6609848e-01  3.5891250e-01
  3.8910814e-01 -6.2231428e-01  6.7920526e-01
 -6.4985511e-01  5.3751462e-01  5.3736987e-01
  3.4964932e-01 -2.9045614e-01 -8.9071914e-01
  2.0662056e-01 -5.0829993e-01 -8.3602579e-01
  4.3691135e-01 -8.9538068e-01  8.6034340e-02
  6.1758527e-01 -7.0144339e-01 -3.5576059e-01
 -4.5477415e-01  7.2926064e-01 -5.1123320e-01
  2.7244753e-01  1.1438653e-01 -9.5534709e-01
 -7.9564440e-02  7.4814653e-01 -6.5874599e-01
  3.6090902e-01  2.3730005e-01  9.0190541e-01
 -4.4905144e-01 -8.3298952e-01 -3.2323562e-01
  9.4069216e-01 -3.3923465e-01 -4.2552299e-03
 -5.3622677e-01 -8.0316245e-01 -2.5959762e-01
 -8.1885262e-01  4.7487016e-01  3.2245730e-01
  5.2590070e-02  9.9625529e-01 -6.8627168e-02
 -3.6690271e-01  4.9843901e-01  7.8545589e-01
 -2.7229865e-01 -8.3342137e-01 -4.8089735e-01
 -9.3038547e-01  6.6068618e-02  3.6057984e-01
  4.2707534e-01 -9.0209491e-01  6.1898483e-02
 -2.0218562e-01  3.6797515e-01 -9.0758761e-01
  7.7583582e-01  5.2063837e-01  3.5639090e-01
  4.4967362e-01 -7.9692854e-01 -4.0335907e-01
 -5.4997288e-01  2.7296203e-01 -7.8931715e-01
 -4.3560111e-02  9.9693637e-01 -6.4964558e-02
 -7.3255492e-01 -5.7483738e-01  3.6458920e-01
 -7.3312530e-01 -3.8596277e-01  5.5996432e-01
  7.3335622e-01 -1.8120458e-01  6.5525076e-01
  9.1216572e-01  3.8374343e-01 -1.4385647e-01
 -1.9086590e-01 -9.8157830e-01  8.6168812e-03
  7.8640891e-01 -5.5632634e-01  2.6844371e-01
  3.0094776e-01  8.3895960e-01  4.5340626e-01
  7.8809844e-01 -5.9042174e-01 -1.7407763e-01
  4.1654321e-01 -8.6250305e-01 -2.8736778e-01
 -4.7073209e-01 -8.0686493e-01 -3.5690375e-01
 -5.5177919e-01 -8.3060039e-01 -7.5118048e-02
 -9.2118776e-01 -2.0920488e-01  3.2809514e-01
  5.7165810e-01  7.6677579e-01  2.9199641e-01
 -7.1113897e-01 -6.2991873e-01 -3.1222391e-01
 -6.9095686e-01  7.0044358e-01  1.7876636e-01
 -6.6783983e-01  2.7058604e-01  6.9337808e-01
 -6.2118941e-01 -4.4635970e-01 -6.4411702e-01
  6.5786065e-01 -6.3376422e-01 -4.0689344e-01
  3.1206404e-01  2.7832073e-01 -9.0837966e-01
  7.9682316e-01 -7.1587917e-02  5.9995669e-01
  5.0284846e-01 -6.2964569e-01  5.9219062e-01
 -9.1291310e-01  3.5083286e-01 -2.0858087e-01
  4.5772536e-01 -8.1289149e-01 -3.6013181e-01
 -4.7501767e-02  1.7301841e-01  9.8377244e-01
 -9.9245462e-01 -6.8301363e-02  1.0182707e-01
  1.8633841e-03 -2.3970979e-01 -9.7084280e-01
 -5.0810384e-01  4.7518270e-01  7.1835359e-01
 -1.0021849e-01  9.7711590e-01  1.8761869e-01
 -5.4674402e-02  6.8895249e-01  7.2274143e-01
 -7.2277007e-01 -4.1300973e-01  5.5409962e-01
 -5.7413261e-01  2.1439227e-01 -7.9019472e-01
 -9.2261030e-01  3.2250961e-01 -2.1160765e-01
  3.0344529e-01 -4.0858681e-02  9.5197244e-01
  2.5690656e-01 -9.6620850e-01  2.0979678e-02
  2.3421421e-01  9.4855097e-01 -2.1306044e-01
  9.4243284e-01 -3.1559895e-01  1.1053349e-01
  2.8886997e-01  1.1134062e-01  9.5087192e-01
  9.8331629e-01  1.4908650e-01 -1.0422233e-01
  1.7676889e-01  6.6222444e-01  7.2815627e-01
 -1.9227277e-01  6.7307308e-01 -7.1414551e-01
 -3.9189080e-01  4.3876502e-01 -8.0864508e-01
  5.6017582e-01 -7.7036236e-01 -3.0454044e-01
  4.8506579e-01 -1.8587571e-01 -8.5449482e-01
  9.1708051e-01  3.8866933e-01  8.8879121e-02
 -3.0812177e-01  1.9669281e-01  9.3079155e-01
  8.5057269e-01 -2.9152193e-01 -4.3765405e-01
  9.2146386e-02  5.3513113e-01 -8.3972836e-01
  6.7452635e-01  2.0781703e-01 -7.0839698e-01
  7.3805386e-01  3.3518485e-02 -6.7390876e-01
  1.8701948e-01  9.7932154e-01  7.7155870e-02
 -4.6180462e-01 -8.8480668e-01 -6.2077590e-02
  5.9691257e-01  6.5068114e-01 -4.6937132e-01
 -2.6512857e-01 -8.9880574e-01  3.4907749e-01
 -4.9506159e-01  4.3708898e-01 -7.5091094e-01
 -5.6235958e-01  6.6126441e-01 -4.9646860e-01
  9.5692460e-01 -2.2910773e-01  1.7833946e-01
  8.1373735e-01  4.9914373e-01 -2.9780374e-01
 -3.5523929e-02  9.9833033e-01  4.5547719e-02
 -8.0534254e-01  4.9269525e-01 -3.2965858e-01
 -8.6546327e-02 -2.9057637e-01 -9.5292975e-01
 -1.2453229e-02 -9.8039652e-01 -1.9664072e-01
  9.7242000e-01  2.3304852e-01  9.3669678e-03
  1.3143102e-01 -6.5871828e-01 -7.4082124e-01
 -3.9790275e-01  8.8917100e-01  2.2593880e-01
 -3.2232268e-01  1.9220529e-01  9.2691165e-01
  4.8642347e-01  2.9977848e-01 -8.2068573e-01
 -5.4010894e-01  7.4956091e-01 -3.8267581e-01
  6.8600889e-01  7.2524341e-01  5.8427713e-02
 -3.3290104e-01  9.3707854e-01 -1.0516986e-01
  4.4824081e-01 -1.5751426e-01  8.7992581e-01
  1.1312908e-01 -8.8974902e-01  4.4220866e-01
  3.8102801e-01 -7.9275765e-01  4.7576566e-01
  7.2135242e-01  6.3420805e-01  2.7826397e-01
  1.0674559e-01  3.5337643e-01 -9.2937101e-01
 -8.0125726e-01 -5.2703609e-01  2.8323093e-01
  9.2975802e-01  6.2550858e-02 -3.6281872e-01
 -8.2376411e-02  5.9727286e-01 -7.9779650e-01
 -2.8974164e-01 -4.6232671e-01 -8.3803567e-01
  1.8096398e-01  5.6601103e-01  8.0429071e-01
 -3.4156117e-01 -7.9923552e-01 -4.9452862e-01
  7.8123023e-01  6.2415992e-01 -1.0184484e-02
 -9.2108722e-01  3.1862760e-01 -2.2377395e-01
  6.1506359e-01  6.3103623e-01 -4.7274734e-01
 -8.7386118e-01 -1.0913713e-01 -4.7376759e-01
 -3.9015689e-02  9.1609661e-01  3.9905486e-01
  2.4807417e-01  3.9052678e-01 -8.8653711e-01
 -7.1964673e-01  3.8559002e-01  5.7743305e-01
 -8.4848619e-01 -3.2789931e-01 -4.1539526e-01
 -2.2979123e-01  6.9736963e-01  6.7887524e-01
 -9.0442887e-02 -9.9542738e-01 -3.0731430e-02
 -4.5414038e-01  7.1387795e-01 -5.3304295e-01
  7.9673592e-01  2.2980382e-01 -5.5892940e-01
 -7.7820239e-01  5.0640003e-01 -3.7142974e-01
 -5.9119573e-02  1.2129213e-01  9.9085473e-01
 -4.9282734e-01  6.0874028e-01 -6.2173667e-01
  6.7219300e-01  2.3828741e-01  7.0098194e-01
 -6.8063933e-03 -7.2585924e-01  6.8780959e-01
  8.7569207e-01  4.7953738e-01  5.6633019e-02
 -2.4936109e-01  9.1054315e-01  3.2974266e-01
 -8.3576410e-01  4.8321714e-01 -2.6076726e-01
 -2.8889614e-01 -8.8499875e-01 -3.6512495e-01
  1.0269752e-01  7.7733486e-01  6.2064783e-01
  1.8385870e-01 -5.7841422e-01 -7.9475340e-01
  5.5466701e-02 -8.1664123e-01 -5.7447415e-01
 -5.3670643e-01  8.3693720e-01 -1.0715562e-01
  1.1579719e-01  9.6701006e-01 -2.2689766e-01
 -2.1400239e-01 -8.0776062e-01  5.4929569e-01
 -8.3105029e-01  5.5380436e-01 -5.1537735e-02
  7.5716968e-01 -2.7267923e-01  5.9358244e-01
 -1.7714672e-01 -2.5609561e-01 -9.5028105e-01
  4.6680163e-02  3.5464913e-02  9.9828012e-01
  1.7325884e-01 -8.8414824e-01 -4.3389314e-01
 -2.7368674e-01 -7.9885845e-01  5.3564984e-01
  2.8670163e-01  2.3051935e-01 -9.2987257e-01
  1.8198327e-01  6.4669743e-01  7.4071892e-01
  7.9877950e-01 -3.5477076e-01  4.8588992e-01
  1.7520034e-01  5.9891330e-01 -7.8141391e-01
  6.5805061e-01  1.7128361e-01  7.3323347e-01
 -7.3880797e-01 -2.0161353e-01  6.4305114e-01
  1.2287447e-01  3.3842022e-03 -9.9241645e-01
 -8.4156027e-01 -4.3478620e-01  3.2052657e-01
 -9.0962732e-01  3.2015033e-01  2.6472986e-01
  4.6465180e-01 -6.6993644e-01 -5.7903702e-01
 -8.2555390e-01 -5.4912021e-01 -1.3010670e-01
  4.7191278e-01  1.6420509e-01  8.6621880e-01
 -3.8075228e-01 -9.2072181e-01 -8.5434544e-02
  4.3230918e-01  4.5254614e-01 -7.7994279e-01
  8.7075175e-01 -3.3518330e-01  3.5978264e-01
  3.2158111e-01  8.0376240e-02  9.4346449e-01
 -2.7393791e-01 -9.5302343e-01 -1.2924537e-01
  8.4584809e-02 -8.4745696e-01 -5.2408215e-01
 -1.9100241e-01 -6.0260986e-01  7.7484155e-01
 -3.3484432e-01  2.6052308e-01  9.0554238e-01
  7.6580733e-01 -6.0546223e-01 -2.1669015e-01
 -8.3476839e-01  1.6060857e-01  5.2665608e-01
 -4.4869789e-01 -3.9854610e-01 -7.9989450e-01
  5.6785660e-01  6.1035266e-01 -5.5227576e-01
  3.0957920e-01 -5.2159770e-01 -7.9504500e-01
 -2.7352260e-01  9.5047009e-02 -9.5715801e-01
  8.8073028e-01 -4.7240651e-01  3.3856545e-02
  1.1196414e-01 -8.6863949e-01 -4.8262767e-01
  7.8749764e-02  3.5328872e-01 -9.3219395e-01
  5.4680964e-01  6.7203798e-01  4.9936376e-01
  7.5580098e-01  6.4946534e-01  8.3424527e-02
  1.0210198e-01  6.3721063e-01  7.6389646e-01
  1.7428320e-01  9.7701079e-01  1.2278147e-01
  6.1066132e-02  3.4291260e-01  9.3738032e-01
 -8.1582233e-01  2.8188492e-01  5.0495030e-01
 -1.6079603e-01  4.0831848e-01  8.9856589e-01
  3.6509858e-01 -7.9910868e-01  4.7762782e-01
 -7.5188691e-01 -4.5933038e-01 -4.7294997e-01
  3.8992034e-01 -4.0900637e-01 -8.2503086e-01
 -8.4610675e-02 -9.2446129e-01  3.7176923e-01
 -2.3237562e-01 -7.4863064e-01  6.2092974e-01
  4.3629236e-01 -5.6736829e-01 -6.9838543e-01
  6.1845161e-01  6.9199432e-01 -3.7237275e-01
  6.9114564e-01  7.2224972e-01 -2.5943159e-02
 -8.8083560e-01  2.4138408e-01  4.0726205e-01
 -2.4108459e-01  9.5128795e-01  1.9217041e-01
 -2.1625604e-01 -3.9852447e-01 -8.9129769e-01
  3.8477794e-02  3.3248616e-01  9.4232288e-01
  2.5179639e-01  9.5628118e-01  1.4874436e-01
 -7.6243775e-01 -6.2969963e-01  1.4888603e-01
 -7.5203260e-01 -6.4080882e-01  1.5430821e-01
  9.7893921e-01 -3.0637634e-02  2.0183991e-01
  6.8419735e-01 -4.4018007e-02 -7.2796731e-01
 -6.2358398e-02 -3.6188694e-01 -9.3013401e-01
  4.6580972e-01 -8.6794293e-01 -1.7232636e-01
 -5.9151685e-01  6.6625804e-01 -4.5410135e-01
  5.6220937e-01  7.3488402e-01  3.7929685e-01
  4.8316865e-02 -2.3339197e-01  9.7118158e-01
 -5.2237859e-01 -6.8623125e-01 -5.0616922e-01
  8.4509545e-01 -4.5253839e-02  5.3269670e-01
  1.4769309e-01 -9.3117385e-01  3.3331967e-01
  9.8020931e-01 -1.8415803e-01  7.2632876e-02
  3.6432715e-01  4.7495879e-01  8.0104924e-01
 -1.8791431e-01 -9.2370903e-01  3.3384105e-01
 -2.3241640e-01  9.6873818e-01  8.6769557e-02
 -4.5481463e-01 -3.4402484e-01 -8.2145637e-01
 -3.2216413e-01  6.5379919e-02 -9.4442349e-01
 -3.5691879e-01 -1.6422962e-01  9.1958556e-01
  7.6323881e-01 -4.4913142e-01  4.6448627e-01
 -5.4042934e-01  3.1221052e-01  7.8131986e-01
  5.1960744e-01  3.2420386e-01  7.9050615e-01
  8.8533425e-02 -8.0352636e-01  5.8864863e-01
 -6.9242420e-01  7.1804428e-01  7.0435349e-02
 -9.4655073e-01  6.8495255e-02 -3.1519852e-01
 -2.3914429e-01  8.6636496e-01 -4.3843102e-01
 -7.6072034e-01 -6.4706699e-01 -5.1077090e-02
  1.0762937e-01 -1.4979996e-01 -9.8284072e-01
 -6.3686951e-01 -7.5615952e-01 -1.5039951e-01
 -8.9987928e-01  1.2016248e-02  4.3597349e-01
  8.6700350e-01 -4.6506956e-01 -1.7892800e-01
 -5.6069213e-01  8.0117653e-01  2.0914231e-01
  9.7389494e-01  1.3597876e-01  1.8176473e-01
  2.7615459e-01  8.6507173e-02  9.5721218e-01
  2.5562912e-01 -8.5668471e-01 -4.4804582e-01
  3.9799884e-01 -7.3612947e-02 -9.1442772e-01
 -3.5174275e-02 -6.7024408e-01  7.4130671e-01
 -1.1352516e-01  6.2082124e-01  7.7568874e-01
 -2.1632666e-01 -9.4213383e-01 -2.5609884e-01
  5.8088546e-01  4.1159935e-01 -7.0225213e-01
  6.4315256e-01 -3.8593412e-01 -6.6136952e-01
  1.5958137e-01 -7.2095781e-01 -6.7435422e-01
  5.6793739e-01  8.0073670e-01  1.9044125e-01
 -6.2560669e-01  3.3838464e-01  7.0293108e-01
  3.9427152e-01 -1.1496751e-01 -9.1177434e-01
  3.6504072e-01  9.1338124e-01  1.8022202e-01
 -1.2658808e-01  8.5413173e-01 -5.0441495e-01
  7.7972007e-01  2.7393895e-01 -5.6302227e-01
  5.2992567e-01  7.1444407e-01  4.5688999e-01
  6.7655317e-01  3.7486861e-01 -6.3383700e-01
 -1.4801032e-01 -6.0008406e-01 -7.8612471e-01
  9.0078633e-01  4.2401459e-01 -9.3784887e-02
 -7.8133702e-01 -1.1946167e-01 -6.1256948e-01
  1.7018667e-01 -9.5155586e-01 -2.5608190e-01
  6.9773251e-01  3.3636264e-01 -6.3247886e-01
 -3.3504561e-01 -5.3794298e-01  7.7353849e-01
 -7.5186193e-01  3.2610419e-01 -5.7302678e-01
 -7.8411491e-01  6.1469104e-01  8.5549584e-02
 -5.8871732e-01 -4.5304394e-01 -6.6944986e-01
  9.9436791e-01 -2.3012741e-02 -1.0345472e-01
  5.3064371e-01  5.4964822e-01  6.4521631e-01
  3.2048938e-01  9.4565882e-01 -5.4917731e-02
  4.9578588e-01 -4.2201380e-01  7.5901299e-01
  8.8274236e-01  3.5058233e-01  3.1282255e-01
  8.6223989e-01  4.9735418e-01  9.5818485e-02
 -8.5747417e-01 -5.1318615e-01  3.7121669e-02
  9.6086028e-01  2.3337006e-01 -1.4928474e-01
  6.2168362e-01  4.7311400e-01  6.2423763e-01
 -7.7270178e-01  5.6766358e-01  2.8405988e-01
 -7.5374716e-01 -1.8201679e-01 -6.3145475e-01
  2.0363579e-02  9.3535454e-02  9.9540768e-01
 -7.5267587e-01  6.5798149e-01 -2.3224770e-02
  8.5667059e-01 -5.1553304e-01  1.8470937e-02
 -5.4990839e-01  6.4687319e-01  5.2835200e-01
 -9.0506765e-01 -2.4274799e-01  3.4917899e-01
  3.6569724e-01  8.1439562e-01  4.5058329e-01
 -4.5216597e-01  6.9784573e-01 -5.5547932e-01
  5.7777730e-01 -7.8198265e-01 -2.3383012e-01
  9.2769650e-01 -2.1146202e-01 -3.0767357e-01
 -7.1047519e-01 -1.6668853e-01  6.8369579e-01
  2.3634941e-01 -2.0156082e-01  9.5053258e-01
 -1.6337983e-03 -9.0011393e-01 -4.3565152e-01
  1.9719313e-01  2.3757724e-01  9.5114243e-01
  9.7849147e-01  2.8270967e-02  2.0434086e-01
  1.9985930e-01 -7.5368582e-01 -6.2611017e-01
 -9.9345455e-01 -8.7573509e-02 -7.3341182e-02
  7.8404888e-02  6.5486744e-01 -7.5166569e-01
 -2.6329224e-01 -8.7791406e-01  3.9993012e-01
 -4.9993852e-01 -6.9494536e-01  5.1682919e-01
  6.7551395e-01 -7.3623386e-01 -4.0504364e-02
 -5.3638642e-01  7.6036603e-01  3.6624188e-01
 -4.3672830e-01  7.8682012e-01  4.3609917e-01
 -2.2228277e-01  7.8779199e-01 -5.7443377e-01
  6.9240711e-01  5.8154612e-02 -7.1915953e-01
 -1.8528274e-01  9.8192626e-01 -3.8615180e-02
  3.0516262e-02 -3.7932043e-02  9.9881426e-01
  3.7727601e-01  5.2691141e-01  7.6159515e-01
 -3.6598251e-01 -1.2529396e-01 -9.2214870e-01
  4.0946157e-01  1.6508599e-01  8.9726687e-01
  3.5159876e-01 -5.0894107e-01  7.8572088e-01
  7.9565708e-01 -1.8947891e-01 -5.7534994e-01
 -8.4029700e-02  2.5266706e-01  9.6389749e-01
  9.1723210e-02  8.6637067e-01 -4.9090602e-01
  8.8796109e-01 -3.8360771e-01  2.5371287e-01
  5.4678276e-01 -8.3643278e-01  3.7534215e-02
  1.8607793e-01 -9.8248081e-01 -1.0317908e-02
 -8.6108549e-01 -4.1147749e-02 -5.0679250e-01
 -4.2453287e-01 -2.4194258e-01 -8.7248818e-01
 -6.4075356e-01 -3.8693164e-01 -6.6311295e-01
 -8.2879687e-01  4.5206093e-01  3.2975244e-01
  4.5433864e-01 -7.8974904e-01  4.1215635e-01
  3.9143266e-01  5.7786102e-01  7.1614043e-01
  6.8632031e-01  5.6306633e-01 -4.6034850e-01
 -2.9325585e-01 -4.3112574e-02 -9.5506142e-01
 -9.3902220e-01 -3.2360590e-01  1.1626066e-01
  4.1197406e-01  6.8396911e-01 -6.0204953e-01
  3.2020604e-01  4.3710133e-01  8.4048231e-01
  8.2988125e-01  3.3011157e-01 -4.4980380e-01
 -7.6591641e-01  3.4571957e-01 -5.4207936e-01
 -9.9731153e-01  6.3655903e-02  3.6299346e-02
  8.7243467e-01  2.8827362e-02 -4.8787984e-01
 -1.8099362e-02  2.5144329e-01 -9.6770279e-01
 -1.6651436e-01  2.5321587e-01  9.5297151e-01
  6.0108542e-01  5.0937997e-02  7.9755980e-01
 -1.2029454e-01 -3.7687306e-01  9.1842034e-01
  4.2315750e-01 -5.8834119e-01  6.8905179e-01
 -8.5279479e-01  4.6482683e-01 -2.3806946e-01
  2.1357718e-01 -5.2979074e-01 -8.2079630e-01
  8.8328520e-01 -5.6039731e-02  4.6547482e-01
 -8.5012124e-01  3.7942247e-01  3.6514719e-01
  9.6368417e-01 -2.3345342e-01 -1.2966234e-01
 -6.4336755e-01  2.7724359e-01 -7.1359246e-01
  2.4377059e-01  8.8979913e-01 -3.8578934e-01
  2.7466011e-01  8.9135039e-01  3.6063319e-01
  3.7490693e-02 -9.9926583e-01  7.8900912e-03
  8.2952772e-01 -3.0270093e-01  4.6931429e-01
  6.1106597e-01 -7.3413787e-01  2.9604047e-01
 -4.1895454e-01  2.7820295e-01 -8.6433802e-01
  1.3852766e-01 -4.3679077e-02  9.8939488e-01
 -7.5595153e-01  1.4792832e-01 -6.3769468e-01
 -2.6438671e-01 -9.6116845e-01 -7.9087731e-02
 -9.9088410e-01  5.8228878e-02  1.2148290e-01
 -6.3114930e-01  7.0997589e-01  3.1238565e-01
 -5.8981650e-01 -5.1204677e-01  6.2443943e-01
 -4.7511649e-01 -6.8465817e-01  5.5272734e-01
  2.0497387e-01  8.9019909e-01 -4.0685536e-01
 -7.1705507e-01 -2.7719822e-01 -6.3952573e-01
  7.0231733e-01 -1.9780867e-01  6.8382900e-01
  7.0847202e-01 -6.3453973e-01  3.0891215e-01
  9.6062158e-01 -1.7493951e-01  2.1587576e-01
 -6.7554259e-01 -7.3594107e-01 -4.5088318e-02
 -8.0936434e-01  5.4325864e-01  2.2315781e-01
 -9.1007051e-01  3.3542512e-01 -2.4343719e-01
  6.7994248e-01  2.9084654e-02  7.3268841e-01
 -5.0773749e-01  8.6060709e-01 -3.9472487e-02
  1.2213083e-01 -9.8944710e-01 -7.7964693e-02
 -5.5754727e-01 -7.2920082e-01 -3.9674577e-01
 -9.4145931e-01  3.1888521e-01  1.0939189e-01
  9.1960644e-01 -3.6227633e-01  1.5192054e-01
  6.9622710e-01 -9.4220496e-02 -7.1161107e-01
 -8.9571151e-01  4.4040867e-02  4.4244919e-01
 -7.4702593e-01  2.8663695e-01 -5.9982624e-01
  2.6475574e-01 -8.5760372e-01 -4.4093113e-01
  6.6701811e-01  6.3027741e-01  3.9728733e-01
  3.6697894e-01 -6.9456715e-01 -6.1879150e-01
 -2.3038720e-02 -9.8746611e-01 -1.5614062e-01
 -6.9355043e-01 -4.2095613e-01 -5.8462273e-01
 -2.2590385e-01  6.5328251e-01 -7.2262674e-01
 -6.6995496e-01 -3.9670775e-01  6.2752156e-01
 -8.3725889e-01 -4.2578135e-01 -3.4308571e-01
  2.6989872e-01  9.6210548e-01 -3.8829336e-02
  4.6817474e-01  1.7557878e-01 -8.6601646e-01
  7.0386805e-02  5.4433791e-01 -8.3590785e-01
  9.2875976e-01 -6.4193190e-02 -3.6508155e-01
  3.2219703e-01 -8.7101329e-01 -3.7084352e-01
  9.1181809e-01  2.5245656e-01 -3.2381082e-01
 -9.1780850e-01 -2.5045244e-01  3.0806027e-01
 -9.1019568e-02  9.8298338e-01 -1.5955914e-01
 -7.4635711e-01 -4.2796590e-02  6.6416829e-01
 -5.7689043e-01 -3.2718727e-01  7.4842897e-01
  9.5451442e-01  2.8111332e-01  9.9385716e-02
  6.7238231e-01 -6.6554078e-01 -3.2397144e-01
 -9.9140628e-01  1.0031634e-01  8.3965620e-02
  2.9767977e-01  8.1414489e-01 -4.9855275e-01
  9.5799094e-01 -1.1286817e-01 -2.6365533e-01
  5.8507170e-01 -4.1046780e-01  6.9943355e-01
 -4.7426854e-01 -4.9132587e-01  7.3052600e-01
 -3.5613576e-01  3.8424851e-01 -8.5177486e-01
  4.1059366e-01 -1.9841083e-01  8.8996966e-01
  1.9735366e-01 -1.4622821e-01 -9.6936517e-01
  5.1168094e-01  1.7359107e-01 -8.4145633e-01
  7.3285539e-01  4.5296238e-01  5.0768894e-01
  6.9094933e-02  9.6466220e-01 -2.5426899e-01
 -4.1154983e-01  7.0206310e-01 -5.8114898e-01
  4.5098699e-01 -5.8680562e-01  6.7251014e-01
  6.9478200e-01  6.6009711e-02  7.1618481e-01
 -4.4550812e-02  8.3696027e-01  5.4544727e-01
 -1.7113066e-01 -9.3723509e-01 -3.0381685e-01
  3.0071763e-01  1.8689834e-01  9.3522079e-01
  6.0619895e-01 -7.1425274e-01 -3.4980830e-01
  4.9591702e-01  8.5885195e-01  1.2821715e-01
 -7.9221249e-01  2.4880282e-01 -5.5722215e-01
 -2.0741416e-01  9.6262383e-01  1.7416869e-01
 -8.8884905e-01 -2.7488630e-01 -3.6658543e-01
  8.9748164e-01 -1.6280545e-01  4.0990375e-01
  3.0657888e-01  4.1530843e-01 -8.5646267e-01
  3.8937718e-01 -4.2352558e-01 -8.1793123e-01
 -7.7411605e-01  5.6421082e-02 -6.3052439e-01
 -6.6344776e-01 -4.2635498e-01 -6.1486461e-01
  7.2644180e-01  1.5469739e-02 -6.8705385e-01
 -8.8668646e-01  8.0691353e-02 -4.5527577e-01
 -8.9888876e-02 -7.6762628e-01 -6.3456275e-01
 -3.5916551e-01 -8.4967487e-02 -9.2939801e-01
  5.1167385e-01 -4.3464887e-02 -8.5807964e-01
 -2.9625132e-01 -2.8889302e-03 -9.5510565e-01
  9.2684914e-01  2.9937618e-01  2.2654926e-01
  6.8325287e-01  5.6858902e-01 -4.5811793e-01
 -9.8216140e-01  1.7798950e-01 -6.0652378e-02
  3.8696258e-01  6.5546342e-01 -6.4855815e-01
 -7.5249384e-01  2.1595612e-01  6.2218644e-01
 -2.0440675e-01 -1.8452470e-01 -9.6133684e-01
  7.4991771e-01  6.6100046e-01  2.6491687e-02
  4.7719495e-01  2.7246857e-01  8.3549138e-01
  8.6188830e-01  1.0343864e-01  4.9643631e-01
  7.0755903e-01  4.3191782e-01  5.5929171e-01
 -8.2629482e-01  4.9481817e-01 -2.6905734e-01
 -3.5203869e-01  1.3422637e-01  9.2631099e-01
  5.9231363e-01 -7.5168349e-01 -2.9006290e-01
  3.9512635e-02  6.6349141e-01  7.4713982e-01
  4.8862425e-01 -7.3526183e-01  4.6971947e-01
 -6.9783318e-01  6.9923301e-01 -1.5524836e-01
  9.9246887e-01  1.1913645e-01  2.8496596e-02
 -2.3050746e-02 -9.4428136e-01 -3.2833120e-01
  3.2617883e-01  5.4712516e-01 -7.7088354e-01
  8.1276929e-01  1.0242434e-01  5.7351141e-01
 -8.5859944e-01 -5.1026828e-01 -4.9328244e-02
  2.1296535e-01 -6.6831587e-01 -7.1274094e-01
 -4.1648597e-01 -9.0873851e-01 -2.7087918e-02
 -1.7299437e-01  5.5468545e-01  8.1387775e-01
 -9.6865044e-01 -2.1705969e-01 -1.2083634e-01
  4.3242228e-01  8.4482345e-01  3.1509413e-01
 -9.7647850e-01 -2.0067212e-01 -7.8869733e-02
  1.5082483e-01  6.2222075e-01 -7.6817525e-01
 -3.8197911e-01 -8.7351492e-01 -3.0176755e-01
 -6.9793979e-01  5.9110288e-01 -4.0432343e-01
  1.8141941e-02  1.4072897e-01 -9.8988193e-01
 -6.6368941e-01 -3.3886672e-01 -6.6684759e-01
  4.5107381e-01  4.8503456e-01  7.4918215e-01
 -1.9175404e-01  8.6148531e-01  4.7018449e-01
  4.5231488e-01  2.3549958e-01 -8.6020416e-01
 -5.4720511e-01  4.5650637e-01 -7.0154722e-01
  3.2715671e-01 -3.4629506e-01  8.7923161e-01
 -4.9456562e-01 -4.1828292e-01  7.6186891e-01
 -6.2702463e-01  6.9561576e-01 -3.5065486e-01
 -6.1050563e-01 -7.8859002e-01 -7.3543590e-02
 -6.6739578e-01 -6.0397369e-01  4.3565888e-01
 -5.1811049e-01  8.4325758e-01 -1.4310195e-01
  5.0476789e-01  8.6025705e-01  7.1883110e-02
  4.0899420e-01 -1.4731582e-01  9.0056748e-01
 -9.9803451e-01 -6.2544127e-02 -3.9179746e-03
  7.4005728e-01 -2.2150926e-01  6.3501879e-01
 -8.6617021e-01  1.6577016e-01  4.7145459e-01
  6.6594744e-01 -2.9866839e-01 -6.8360164e-01
  2.1048662e-01 -7.8454770e-01  5.8324976e-01
 -2.3219537e-01  8.3545488e-03 -9.7263329e-01
  8.9124597e-01  7.6749916e-02  4.4697883e-01
  6.1434809e-02  9.9799665e-01 -1.5114312e-02
 -8.7452894e-01  3.5979131e-01 -3.2519124e-01
  6.5592290e-01 -5.5681087e-01  5.0963399e-01
  7.7867558e-01 -4.7234519e-01  4.1298227e-01
 -7.0833133e-01 -6.9646970e-01 -1.1487682e-01
 -7.5142792e-01  1.4719901e-01  6.4318623e-01
  3.4811827e-01 -6.9233088e-01  6.3205350e-01
 -5.0365463e-01  5.8861746e-01  6.3234602e-01
 -4.9951365e-01 -8.6630342e-01  2.1209919e-03
 -4.2853679e-01  6.0334168e-01 -6.7255858e-01
  7.0242188e-01  6.9163876e-01  1.6804562e-01
 -5.6213393e-01  1.2036590e-01  8.1824049e-01
  8.7858362e-01  2.2598502e-01 -4.2073935e-01
 -9.1561329e-01 -2.7678529e-01 -2.9161996e-01
  9.1472024e-01 -2.1772712e-01 -3.4041412e-01
  3.5592760e-01  8.1675941e-01  4.5411410e-01
  8.8613076e-01  2.3956585e-01  3.9671210e-01
 -8.4498648e-01  3.0036901e-01 -4.4246617e-01
 -5.3830132e-01  4.1354695e-01  7.3430961e-01
  5.4887392e-01 -1.0407350e-01 -8.2940107e-01
 -2.4487899e-01 -4.4116296e-01 -8.6337102e-01
 -4.3569467e-02 -3.4793488e-01  9.3650575e-01
  7.4735489e-01  6.1553670e-01  2.5015043e-01
 -8.4101267e-01  2.6606594e-02  5.4036079e-01
  6.2900335e-01 -3.1836544e-01 -7.0922368e-01
 -4.3616013e-01 -8.1924179e-01 -3.7229992e-01
 -4.5376437e-02  2.3711676e-02 -9.9868851e-01
 -4.1613636e-01  9.0149331e-01  1.1891318e-01
  5.3524402e-01 -2.7660442e-02  8.4424448e-01
  2.7518579e-02 -9.9362162e-01 -1.0935636e-01
 -4.3584548e-01  8.4803002e-01 -3.0146941e-01
 -7.2089833e-01  6.9254835e-01  2.6122509e-02
 -5.1840897e-01 -2.3768276e-01 -8.2143718e-01
 -9.3984891e-02 -8.4429850e-01  5.2756695e-01
 -8.2286405e-01  5.2256151e-01 -2.2321338e-01
 -5.3645034e-01 -4.6493130e-01 -7.0431521e-01
  9.5820962e-01 -1.7028211e-01 -2.2986587e-01
  5.5090476e-01 -6.9964255e-01 -4.5497718e-01
 -6.8658211e-01  6.0613402e-01 -4.0150537e-01
 -3.0918761e-02  2.1128964e-01 -9.7693435e-01
  4.3162455e-01 -7.3549782e-01 -5.2224822e-01
 -9.9590827e-01  4.8563251e-02 -7.6212433e-02
 -6.8399163e-01  1.2716375e-01 -7.1832084e-01
  5.9255839e-01  7.6628125e-01 -2.4836989e-01
  8.0430806e-01  5.8660701e-01 -9.4766930e-02
 -3.2618144e-01  9.4378115e-01  5.3691744e-02
  9.8933178e-01 -1.0322264e-01  1.0279943e-01
  8.3209756e-01  4.4183553e-01 -3.3525368e-01
 -6.4568910e-02  8.1904241e-01 -5.7008805e-01
 -4.6382820e-01  5.4075257e-01 -7.0174786e-01
 -6.1654516e-01 -7.7797935e-01  1.2091401e-01
  7.7248927e-01  5.3460510e-01 -3.4272105e-01
  9.4017360e-01  1.4699822e-01  3.0735179e-01
 -3.0709324e-01  7.5234713e-01  5.8281003e-01
  7.5098071e-01 -2.2224898e-01  6.2179849e-01
  7.7071968e-01 -5.2167055e-01  3.6585654e-01
 -1.2185562e-01 -8.9221000e-01 -4.3487069e-01
 -5.5788196e-01 -8.2889106e-01  4.1319840e-02
 -7.4102919e-01 -6.6342959e-01  1.0361908e-01
  2.2647961e-01  9.7332227e-01 -3.6752435e-02
 -1.8342363e-01 -6.7444526e-01 -7.1517786e-01
  3.6309838e-01  8.7642972e-01 -3.1627601e-01
  5.3698482e-01 -4.2304618e-01  7.2984877e-01
  8.0540470e-01  3.0787318e-01 -5.0649519e-01
 -3.4503666e-01  6.9839503e-01 -6.2705189e-01
  6.0457564e-01 -7.9480971e-01  5.2591143e-02
  7.0201384e-01  6.7234846e-01 -2.3478524e-01
  2.0665356e-04 -7.2508641e-01  6.8865786e-01
 -8.9507451e-01  1.5524415e-01  4.1802020e-01
 -3.0113974e-01  8.7875111e-01  3.7028549e-01
 -7.4020844e-01 -5.5447195e-01 -3.8033187e-01
  5.5864430e-02  2.3199746e-01 -9.7111088e-01
 -3.1254851e-01 -8.8193718e-01 -3.5284592e-01
 -2.4709440e-01  8.3056576e-01  4.9910408e-01
  2.9785580e-01  7.7769113e-01 -5.5360494e-01
 -1.8324502e-01  3.7012907e-01  9.1072813e-01
  2.2617047e-01 -1.0064626e-01 -9.6887422e-01
 -3.8634567e-01 -6.7851039e-01  6.2478851e-01
  6.9988670e-03 -7.9562610e-01 -6.0574758e-01
  8.5782068e-01 -1.4807109e-01 -4.9215712e-01
 -8.9458814e-01  4.3540043e-01 -1.0069024e-01
 -3.2024319e-01  9.3279866e-01  1.6532079e-01
  6.0020495e-01 -7.7758008e-01  1.8741196e-01
 -2.8510718e-01  2.1528650e-01  9.3400515e-01
 -9.7936976e-02 -9.9403941e-01 -4.7895631e-02
 -6.1307679e-01 -7.5151764e-01  2.4363517e-01
  6.4396673e-01 -7.2825283e-01  2.3442411e-01
 -7.5163285e-01  6.1623804e-01  2.3515684e-01
  9.6698688e-01 -3.8499110e-02 -2.5190116e-01
 -3.6482450e-01  8.4585419e-01  3.8914493e-01
  8.9109326e-01  2.3097440e-01 -3.9064515e-01
 -5.4948364e-01  7.9956520e-01 -2.4241128e-01
  4.1408040e-01 -7.5169875e-01  5.1330927e-01
  4.3657911e-01 -8.9955614e-01  1.4050630e-02
 -4.5647845e-01  8.5946630e-01  2.3009804e-01
  8.4925065e-01 -4.9032853e-01 -1.9583477e-01
 -5.4830810e-01 -5.7838553e-01 -6.0401026e-01
  8.9985273e-01  4.3611199e-01  8.4494948e-03
 -4.3233901e-01 -8.9972788e-01 -5.9772194e-02
 -4.3929600e-01  5.3518893e-01 -7.2152050e-01
  5.6867608e-01  8.2003361e-01 -6.4439088e-02
  9.5101836e-01  3.0653087e-01 -4.0036235e-02
  1.5722436e-01 -3.6988004e-01 -9.1567967e-01
  4.3786754e-01 -3.7428513e-01 -8.1742440e-01
  9.2904942e-01  7.0341524e-02 -3.6320689e-01
  1.9930522e-04  1.3583324e-01  9.9073169e-01
  9.1733785e-01  3.2006480e-01  2.3674836e-01
 -5.1288585e-01  6.8939376e-01  5.1155092e-01
 -6.2742045e-01  6.3706979e-01 -4.4775625e-01
 -3.0732365e-01 -9.4917643e-01  6.7943130e-02
 -2.7728428e-01  1.0684661e-01 -9.5482838e-01
  5.5276032e-01 -5.2521657e-01  6.4699581e-01
  2.4670788e-01  8.1899194e-01 -5.1806121e-01
  7.4882556e-01  5.8882591e-01  3.0421099e-01
  8.9258979e-02  9.6206029e-01  2.5782327e-01
 -5.6302658e-01 -4.6868476e-01 -6.8068764e-01
 -7.0689500e-01 -4.8568575e-01  5.1420697e-01
 -9.1903800e-01 -2.0555769e-01 -3.3632602e-01
 -4.9065158e-01 -6.9359127e-01 -5.2743927e-01
  4.9421810e-02 -9.0545573e-01  4.2155357e-01
 -3.2271772e-01  8.8120223e-01 -3.4545030e-01
 -2.7397381e-01  9.6126029e-01  3.0281983e-02
 -9.8405137e-01 -1.1492046e-01 -1.3577993e-01
 -1.4885437e-01 -7.8786714e-01  5.9758493e-01
  8.4586116e-01 -5.2646820e-01  8.5732865e-02
 -2.4567228e-01  4.9122128e-01  8.3567146e-01
  1.0818794e-01  6.8396184e-01 -7.2145102e-01
  4.4424751e-01  3.9725653e-01  8.0301394e-01
 -4.0182399e-01  7.9896042e-01 -4.4743683e-01
  4.4611020e-01  1.1644161e-01  8.8737086e-01
 -2.3697708e-01  4.3253303e-01 -8.6991783e-01
  7.7178405e-01  6.2765469e-01  1.0197540e-01
 -1.8834696e-01 -1.1142000e-01 -9.7576176e-01
  5.2369048e-01 -4.5540203e-01 -7.1997033e-01
  5.6425974e-01 -4.1779443e-01  7.1208059e-01
 -9.3708065e-01 -2.1204437e-01  2.7733921e-01
  2.4391722e-02 -7.5107402e-01  6.5976728e-01
 -7.9459200e-01  4.5838883e-01  3.9812465e-01
  6.8557488e-01  1.0473606e-01 -7.2042865e-01
  2.8988289e-01  8.9543794e-01  3.3787396e-01
  1.4619378e-01  9.8700855e-01 -6.6644623e-02
 -4.8911918e-01 -1.8717162e-01  8.5189742e-01
  5.6426270e-01  2.9712232e-01  7.7027653e-01
 -7.9724563e-01  4.3939514e-01  4.1392188e-01
 -8.4623975e-01 -4.4902252e-01  2.8680492e-01
  4.7275915e-01 -7.3444712e-01 -4.8691499e-01
 -4.1798757e-01 -8.1213304e-01  4.0709496e-01
  3.3060479e-01 -8.1770390e-01  4.7123329e-01
  7.5483288e-01  3.8971996e-01  5.2758476e-01
 -8.8178079e-01 -4.2208159e-01 -2.1049884e-01
  3.8019737e-01  2.9839206e-01 -8.7544968e-01
 -1.9713095e-01 -8.9483252e-01  4.0051735e-01
 -4.0308911e-01  8.9102972e-01 -2.0877069e-01
 -2.7900413e-01 -6.8679364e-01  6.7117151e-01
  6.1350033e-01 -6.0160617e-01 -5.1155387e-01
  3.8608882e-01  7.7809348e-03  9.2242879e-01
 -5.2540007e-01  2.4950674e-01  8.1345015e-01
 -4.9409825e-01  7.9020672e-01 -3.6254691e-01
  1.8807817e-01 -8.2398275e-01  5.3448950e-01
  1.1374920e-01 -8.5212978e-01  5.1081891e-01
 -5.3379034e-01 -8.2327724e-01  1.9308666e-01
 -5.4081549e-01  4.4378485e-01 -7.1454434e-01
  3.1992719e-02  4.2166531e-01 -9.0618698e-01
  4.9346542e-01  4.7898981e-01  7.2598942e-01
  2.4782760e-01  9.5099096e-01  1.8492613e-01
 -3.8951713e-01 -3.7616639e-01 -8.4069926e-01
 -7.2141870e-01 -4.7301595e-01 -5.0577759e-01
  7.0417068e-01 -1.5021549e-01  6.9395890e-01
 -5.1568603e-01 -4.8225002e-02 -8.5541935e-01
  7.2467736e-01 -2.8109120e-01  6.2915059e-01
  7.6378979e-02  6.3512096e-01  7.6862710e-01
 -8.9987908e-01 -3.5053074e-01 -2.5951076e-01
  6.9068600e-01  4.0264739e-01  6.0068954e-01
  3.5357891e-01 -6.9921874e-01  6.2134943e-01
  3.4586139e-01  6.8341834e-01 -6.4289911e-01
 -8.4898389e-01 -3.5808688e-01  3.8858737e-01
  3.6778636e-01 -8.7239818e-01  3.2195435e-01
  1.8829175e-01 -6.2458237e-02  9.8012509e-01
 -5.7368360e-01 -7.8524638e-01 -2.3297050e-01
  2.8144838e-01  8.4157962e-01  4.6101036e-01
  4.6094753e-01  2.6286728e-01 -8.4760142e-01
 -3.5155201e-01  3.9069113e-01 -8.5074769e-01
  9.9275562e-01 -9.7818390e-02  6.9769959e-02
 -1.8363505e-01  9.5563322e-01 -2.3031133e-01
  1.3639576e-01  9.5870851e-01 -2.4954796e-01
  2.1327732e-01  2.4474622e-01  9.4583935e-01
  7.3749469e-01 -5.2392548e-01  4.2614983e-01
 -8.6300688e-01  4.0027606e-01 -3.0821778e-01
 -7.9618810e-01 -3.2161868e-01 -5.1248993e-01
  8.5588116e-01  7.7611495e-02  5.1131585e-01
 -6.3192413e-01  9.0149665e-02  7.6976940e-01
  4.7954704e-01 -8.2211635e-01 -3.0685394e-01
  4.8753953e-01  1.8548322e-01 -8.5317125e-01
 -4.2600428e-01  8.9853865e-01  1.0558715e-01
 -7.4294881e-01  6.4827806e-01 -1.6662116e-01
 -1.2129198e-01 -8.2560853e-01 -5.5105246e-01
  9.7797964e-01 -2.0410723e-01 -4.3543818e-02
  9.8256438e-01 -1.8591746e-01 -1.3896300e-03
 -6.8543463e-01 -6.9843715e-01  2.0582737e-01
  5.3839525e-01 -7.2567795e-01 -4.2839476e-01
 -2.4047319e-01  9.6742406e-01  7.9141205e-02
 -7.1718636e-01  6.9578790e-01  3.9024582e-02
  1.2312445e-01  9.9143224e-01 -4.3617461e-02
  9.8173255e-01 -9.9920485e-02  1.6191694e-01
  9.7485479e-01  4.4617211e-02 -2.1832874e-01
 -1.8817034e-01 -5.0705640e-01  8.4112171e-01
 -6.7899569e-01  6.4382491e-01  3.5278086e-01
 -2.0442197e-01 -8.8558755e-01 -4.1706875e-01
  2.6023299e-01  2.6920010e-01  9.2725945e-01
  2.2436719e-01  1.1890711e-01 -9.6722307e-01
 -7.5605963e-01 -3.4552399e-01 -5.5586600e-01
  5.9610882e-01 -4.6087823e-01  6.5745382e-01
 -6.3641303e-01 -5.3289650e-01  5.5767354e-01
  3.1734641e-01 -8.6232716e-01 -3.9456701e-01
  6.6819660e-01  1.4501243e-01  7.2971550e-01
 -3.8174499e-01 -3.5192347e-01  8.5464650e-01
 -5.5668574e-01  6.6118469e-01  5.0292722e-01
  6.3091476e-01  7.6721932e-01 -1.1541703e-01
  6.8943314e-01  7.1931895e-01  8.5218490e-02
  6.4434272e-01  1.4834183e-01  7.5021142e-01
 -2.4214678e-01  1.7162905e-01  9.5493895e-01
  9.6770765e-01 -1.6439148e-01  1.9109512e-01
  7.5931990e-01 -6.2730445e-01  1.7298098e-01
 -5.2014018e-01 -3.7774586e-01  7.6600408e-01
 -6.4931563e-01  4.8913489e-01  5.8235407e-01
  9.9276737e-01  1.1750337e-01  2.4615372e-02
  1.3850342e-01 -9.8531817e-01  9.9824364e-02
 -3.2702819e-01 -9.0288059e-01  2.7903261e-01
  9.1146838e-01  2.3490122e-01 -3.3770817e-01
 -9.3301250e-02 -9.3491992e-01 -3.4237350e-01
  2.6730667e-01 -6.5885400e-01 -7.0317746e-01
  8.1807577e-01  3.5265971e-01  4.5429413e-01
 -9.6172852e-01  8.1115982e-02 -2.6172209e-01
  9.7628472e-01 -3.9538971e-02  2.1284927e-01
 -1.2679901e-01  1.0530610e-01 -9.8632279e-01
 -2.0662428e-01 -6.6013461e-01 -7.2216944e-01
  8.1410360e-02  3.6190489e-01  9.2865344e-01
 -8.9753250e-01  3.1107195e-03  4.4093734e-01
  5.2306934e-01  1.9066061e-01  8.3069068e-01
  8.6805131e-01  1.9683071e-01  4.5579009e-01
 -9.9773230e-01  6.7148253e-02 -4.6217226e-03
 -2.6735607e-01  9.2363353e-01  2.7463036e-01
  9.1777970e-01  3.9591280e-01 -3.0552970e-02
 -3.0312359e-01 -9.3642069e-01 -1.7672685e-01
 -3.5736908e-01  8.1709872e-01 -4.5236825e-01
  1.3123151e-01 -6.2503076e-01  7.6948999e-01
  2.4693877e-01  5.3117835e-01  8.1047566e-01
  9.8476773e-01  1.5193311e-01 -8.4550874e-02
  1.6318833e-01 -9.7336436e-01 -1.6103229e-01
 -8.4946543e-01  5.1746368e-01  1.0314951e-01
 -8.0802497e-01  9.8869601e-02  5.8079296e-01
  9.3942993e-03  4.7013409e-01 -8.8254500e-01
 -6.9567131e-01  7.1509254e-01 -6.8440429e-02
  4.5011547e-01 -7.0420270e-01  5.4908526e-01
  6.6706938e-01 -6.2303654e-01  4.0846530e-01
  4.6458707e-02  9.3458594e-01  3.5269068e-01
 -2.7361465e-01 -7.8821135e-01  5.5123307e-01
 -1.1518795e-01  9.8921066e-01 -9.0520770e-02
 -7.7895862e-01  3.0393374e-01 -5.4849590e-01
  4.0169422e-01  2.7763023e-01  8.7267589e-01
 -2.9434209e-01  9.2359210e-01  2.4564277e-01
  8.6194852e-01 -1.9820332e-01  4.6664783e-01
 -6.4076737e-01  3.6982944e-01  6.7278775e-01
  8.6690272e-01 -4.6123311e-01  1.8906002e-01
 -6.8457301e-01 -6.9791224e-01 -2.1042407e-01
 -2.8649421e-01 -9.2844620e-01  2.3645024e-01
 -8.8072758e-01 -3.1427119e-01  3.5433395e-01
 -1.9211039e-01  1.7656927e-01 -9.6535843e-01
 -8.4163036e-01  2.5158032e-01  4.7787621e-01
  3.7981885e-01 -2.5015688e-01 -8.9059484e-01
 -3.7044496e-01 -7.7401534e-01 -5.1348884e-01
  6.5818924e-01  5.9737967e-01  4.5817513e-01
