20
-0.594140 0.159302 -0.788429
-0.798607 -0.595009 -0.090506
-0.570445 0.476843 0.668740
-0.616733 -0.746979 -0.248319
0.696702 -0.700084 -0.156487
0.911939 0.154807 0.380004
-0.613658 -0.759100 -0.217234
0.142654 0.947830 0.285076
0.891497 0.135358 0.432332
0.631757 0.080676 -0.770956
-0.445875 -0.801241 0.399009
0.159531 -0.826180 -0.540348
-0.978910 -0.140038 0.148741
-0.575278 0.414703 -0.705037
0.246330 0.565905 -0.786811
-0.994760 0.100463 -0.018983
0.541966 0.684189 -0.488015
-0.167310 -0.972887 0.159684
-0.602208 -0.380245 0.701968
0.264448 0.954222 -0.139744
-0.772230 0.108833 -0.625952
-0.709146 -0.524829 0.470815
-0.339981 0.788457 0.512589
0.399216 0.880034 -0.257228
0.574307 -0.023799 -0.818294