25
-0.102704 0.272276 0.072925
0.202114 -0.142149 -0.170128
-0.173289 0.229507 -0.085424
-0.249204 -0.167018 -0.001432
0.805279 -0.561917 0.189141
0.453796 -0.748634 -0.483339
-0.700686 0.418121 0.578113
-0.994653 -0.089111 0.052204
-0.319473 -0.280064 -0.905263
0.499904 -0.769726 0.397011
0.544765 -0.530848 -0.649178
0.813688 -0.532336 -0.233516
-0.103795 -0.896438 0.430842
-0.258022 -0.691797 -0.674419
0.026181 0.846115 -0.532357
-0.618153 0.075860 -0.782389
0.970127 -0.213964 0.114340
-0.253392 -0.964336 -0.076470
-0.110674 -0.988236 -0.105553
-0.313916 0.462007 -0.829462
0.741521 0.649810 -0.167013
-0.731940 -0.118816 0.670930
-0.961428 -0.224581 -0.158808
-0.785116 0.504824 0.358812
-0.702506 -0.637564 -0.316222
0.248776 0.460800 0.851924
0.151709 0.769272 -0.620649
-0.288669 -0.806553 0.515889
-0.902621 0.273044 0.332750
0.068188 -0.271134 -0.108797
